              precision    recall  f1-score   support

           0       0.00      0.00      0.00         6
           1       0.68      0.84      0.75       135
           2       0.48      0.49      0.48        80
           3       0.35      0.09      0.14        80
           4       0.55      0.63      0.58       319
           5       0.62      0.57      0.60       114
           6       0.62      0.68      0.65       284
           7       1.00      0.25      0.40         4
           8       0.68      0.71      0.69        48
           9       0.46      0.17      0.25        69
          10       0.65      0.70      0.67       339
          11       0.00      0.00      0.00         6
          12       0.41      0.21      0.28        80
          13       0.46      0.52      0.49       171
          14       0.83      0.65      0.73        46
          15       0.67      0.82      0.74       205
          16       0.78      0.33      0.47        63
          17       0.70      0.43      0.54        60
          18       0.97      0.99      0.98      1129

    accuracy                           0.73      3238
   macro avg       0.57      0.48      0.50      3238
weighted avg       0.72      0.73      0.72      3238
